                   lambda                   misfit
     1.00000000000000e+01     3.55652067743613e+00
     7.00000000000000e+00     3.22418782969324e+00
     4.90000000000000e+00     2.88297961511062e+00
     3.43000000000000e+00     2.50987284905767e+00
     2.40100000000000e+00     2.18946021320989e+00
     1.68070000000000e+00     1.94481128397432e+00
     1.17649000000000e+00     1.84166609657146e+00
     8.23543000000000e-01     1.85306790105872e+00
     5.76480100000000e-01     1.89320536983506e+00
     1.00000000000000e+01     3.62518783949654e+00
     7.00000000000000e+00     3.08746024544946e+00
     4.90000000000000e+00     2.62351116208428e+00
     3.43000000000000e+00     2.20101693341431e+00
     2.40100000000000e+00     1.89161372712522e+00
     1.68070000000000e+00     1.61650265701710e+00
     1.17649000000000e+00     1.39718682964840e+00
     8.23543000000000e-01     1.22142207594035e+00
     5.76480100000000e-01     1.07701981738147e+00
     4.03536070000000e-01     9.62120478367816e-01
