                   lambda                   misfit
     1.00000000000000e+01     3.25652585257637e+00
     7.00000000000000e+00     2.85108123009146e+00
     4.90000000000000e+00     2.50703738570653e+00
     3.43000000000000e+00     2.21669085674768e+00
     2.40100000000000e+00     1.97538205110569e+00
     1.68070000000000e+00     1.76905676164570e+00
     1.17649000000000e+00     1.59690457636116e+00
     8.23543000000000e-01     1.46253341582909e+00
     5.76480100000000e-01     1.37911418286657e+00
     4.03536070000000e-01     1.34531357502598e+00
     2.82475249000000e-01     1.35375868364643e+00
     1.97732674300000e-01     1.37979298189111e+00
     1.00000000000000e+01     3.45365285776872e+00
     7.00000000000000e+00     2.96824448822829e+00
     4.90000000000000e+00     2.52949410525732e+00
     3.43000000000000e+00     2.14790208530274e+00
     2.40100000000000e+00     1.82113086418780e+00
     1.68070000000000e+00     1.54878449418402e+00
     1.17649000000000e+00     1.32618565683843e+00
     8.23543000000000e-01     1.12007672375302e+00
     5.76480100000000e-01     1.00562212763805e+00
     4.03536070000000e-01     8.84732441470751e-01
