6.765 180.675
20.415 184.615
34.240 191.477
44.796 197.910
56.594 199.780
73.971 206.007
91.324 215.024
100.975 222.800
112.679 228.609
127.195 235.286
140.851 240.891
154.504 245.971
168.158 250.919
181.806 254.201
195.451 256.503
209.099 259.610
222.748 263.067
236.391 264.727
250.035 266.475
263.670 265.355
277.310 266.066
290.948 265.710
304.897 266.146
319.186 264.856
331.854 262.800
344.328 260.523
359.111 256.169
373.255 252.581
386.353 244.616
399.969 237.305
413.878 228.861
427.759 222.171
441.381 214.980
454.723 205.652
467.929 199.204
482.448 192.462
495.282 185.440
508.902 179.187
522.527 174.820
536.158 172.271
549.788 169.701
563.419 167.065
577.046 163.440
590.687 164.262
603.809 164.441
617.962 163.551
631.599 163.107
645.237 163.057
658.875 163.051
672.514 163.046
686.153 163.303
699.787 161.760
713.429 162.925
727.067 162.920
740.705 162.914
754.345 163.522
768.763 162.201
781.622 163.392
795.199 163.577
808.903 164.880
822.543 165.326
836.181 165.320
849.820 165.314
863.458 165.309
877.096 165.303
890.737 165.883
904.373 165.291
918.013 165.937
931.653 166.151
945.294 167.065
958.934 167.717
972.574 168.303
986.215 168.955
999.855 169.607
1012.712 170.121
1028.294 171.451
1040.270 175.016
1054.435 178.273
1068.081 180.985
1081.736 186.328
1095.392 192.328
1109.045 197.194
1122.695 200.885
1136.349 206.354
1150.900 207.322
1163.708 210.499
1176.501 212.668
1191.225 215.333
1203.483 218.205
1218.223 220.698
1231.864 221.613
1245.502 221.301
1259.429 219.242
1272.765 216.765
1286.397 214.765
1300.031 213.291
1313.427 211.206
1326.782 208.096
1341.708 206.176
1354.185 204.168
1368.190 202.366
1381.823 200.355
1395.455 198.505
1409.208 197.091
1422.724 195.880
1436.358 194.274
1449.996 194.181
1463.635 194.438
1477.274 194.630
1490.975 194.729

