7.795 203.145
25.936 205.041
44.077 205.640
62.218 207.663
80.359 208.730
98.500 210.108
116.641 210.909
134.782 211.524
152.923 213.110
171.064 214.842
189.205 216.138
207.346 216.923
225.487 217.636
243.628 218.131
261.769 219.718
279.910 221.013
298.051 221.653
316.192 222.730
334.333 224.317
352.474 225.612
370.615 227.635
388.756 229.586
406.897 230.371
425.038 231.157
443.179 231.142
461.320 229.221
478.945 229.659
497.602 223.077
515.743 215.128
534.944 206.003
552.520 197.285
569.024 188.161
588.307 177.000
606.448 171.235
624.589 166.416
644.269 160.732
660.871 156.912
679.012 154.051
697.153 152.439
715.294 149.816
733.435 148.095
752.263 147.738
769.717 146.297
787.858 145.867
805.999 145.430
824.140 146.758
842.281 146.743
860.422 146.728
878.563 146.713
896.704 146.698
914.845 146.683
932.986 146.669
951.127 146.654
969.268 146.639
987.409 146.842
1005.550 147.410
1023.691 147.395
1041.832 147.380
1059.973 147.656
1078.114 149.097
1096.255 149.737
1114.396 150.256
1132.537 149.780
1150.678 149.402
1168.819 149.241
1186.960 149.809
1205.101 151.250
1223.242 152.181
1241.383 153.040
1259.524 155.427
1277.665 159.367
1295.119 163.253
1313.947 167.392
1332.088 171.381
1350.229 172.458
1368.370 169.593
1386.511 167.789
1404.652 166.654
1422.793 163.146
1440.934 161.496
1459.075 159.238
1477.216 157.376
1495.357 153.901
1513.498 155.003
1531.639 155.061
1549.780 157.081
1567.921 158.158
1586.062 159.745
1604.203 160.676
1622.344 164.155
1640.485 167.634
1658.626 169.803
1676.767 172.336
1694.908 174.213
1713.049 175.873
1731.190 178.697
1749.331 181.375
1767.472 183.107
1785.613 184.693
1798.806 186.185
