4.243 189.123
16.609 190.177
28.974 192.014
41.339 193.758
53.704 195.135
66.070 195.636
78.435 196.044
90.800 197.195
103.166 198.159
115.531 198.284
127.896 199.197
140.261 200.069
152.627 200.385
164.992 200.794
177.357 201.802
189.722 203.086
202.088 205.299
214.453 207.182
226.818 208.743
239.183 210.442
251.549 212.601
263.914 214.392
276.279 216.137
288.644 218.512
301.010 219.719
313.375 222.247
325.740 225.006
338.105 227.257
350.471 229.647
362.836 231.392
375.201 233.045
387.566 235.803
399.932 237.825
412.297 240.215
424.662 242.374
437.028 243.290
449.393 244.436
461.758 246.134
474.123 247.787
486.489 249.716
498.854 252.152
511.219 254.404
523.584 255.780
535.950 257.617
548.315 259.639
560.680 260.831
573.045 262.023
585.411 263.214
597.776 265.052
610.141 266.382
622.506 267.666
634.872 269.319
647.237 270.695
659.602 272.209
671.967 273.217
684.333 274.685
696.698 275.232
709.063 275.687
721.428 275.911
733.794 277.149
746.159 278.203
758.524 278.243
770.890 277.131
783.255 274.038
795.620 271.130
807.985 267.898
820.351 260.382
832.528 251.795
845.081 242.493
857.446 235.115
869.330 226.863
882.177 218.469
894.542 209.653
907.701 203.636
919.273 197.659
931.156 193.942
944.003 190.241
956.368 187.655
968.734 186.681
981.099 186.076
993.464 185.655
1005.829 185.880
1018.195 185.920
1030.560 186.513
1042.925 187.152
1055.290 189.496
1067.656 193.296
1080.021 196.994
1092.386 199.062
1104.752 201.636
1117.117 203.242
1129.482 205.126
1141.847 203.691
1154.213 201.750
1166.578 198.841
1178.943 196.946
1191.308 194.083
1203.674 190.668
1216.039 187.805
1228.404 184.989
1240.769 181.895
1253.135 178.895
1265.500 175.379
1277.865 170.720
1290.230 167.173
1299.785 162.296
