       0.000000      230.964000
      20.000000      240.433000
      40.000000      249.902000
      60.000000      259.373000
      80.000000      263.217000
     100.000000      265.455000
     120.000000      267.283000
     140.000000      269.114000
     160.000000      270.947000
     180.000000      272.784000
     200.000000      267.024000
     220.000000      260.532000
     240.000000      250.969000
     260.000000      241.404000
     280.000000      232.287000
     300.000000      223.029000
     320.000000      213.108000
     340.000000      203.188000
     360.000000      193.267000
     380.000000      183.346000
     400.000000      168.901000
     420.000000      148.548000
     440.000000      134.618000
     460.000000      120.681000
     480.000000      106.739000
     500.000000      103.676000
     520.000000      109.516000
     540.000000      115.358000
     560.000000      115.253000
     580.000000      113.429000
     600.000000      107.391000
     620.000000       97.872000
     640.000000       88.356000
     660.000000       78.842000
     680.000000       88.092000
     700.000000       89.892000
     720.000000      109.309000
     740.000000      128.731000
     760.000000      148.160000
     780.000000      167.595000
     800.000000      178.304000
     820.000000      181.152000
     840.000000      183.995000
     860.000000      186.835000
     880.000000      189.671000
     900.000000      192.203000
     920.000000      184.190000
     940.000000      169.413000
     960.000000      154.639000
     980.000000      139.870000
    1000.000000      136.797000
    1020.000000      142.697000
    1040.000000      154.483000
    1060.000000      169.807000
    1080.000000      185.143000
    1100.000000      174.952000
    1120.000000      147.313000
    1140.000000      119.658000
    1160.000000       95.293000
    1180.000000       72.855000
    1200.000000       65.063000
    1220.000000       66.405000
    1240.000000       67.744000
    1260.000000       69.081000
    1280.000000       67.470000
    1300.000000       84.906000
    1320.000000      114.285000
    1340.000000      143.687000
    1360.000000      173.111000
    1380.000000      202.560000
    1394.205568      218.307000
