       0.000000      241.105000
      20.000000      238.786000
      40.000000      236.461000
      60.000000      232.384000
      80.000000      227.767000
     100.000000      223.146000
     120.000000      218.479000
     140.000000      211.589000
     160.000000      204.692000
     180.000000      204.216000
     200.000000      204.274000
     220.000000      204.325000
     240.000000      204.368000
     260.000000      202.515000
     280.000000      203.642000
     300.000000      197.833000
     320.000000      214.977000
     340.000000      218.439000
     360.000000      221.899000
     380.000000      225.357000
     400.000000      228.241000
     420.000000      229.252000
     440.000000      214.989000
     460.000000      219.676000
     480.000000      224.385000
     500.000000      229.116000
     520.000000      223.134000
     540.000000      190.882000
     560.000000      158.618000
     580.000000      126.342000
     600.000000       94.052000
     620.000000       81.031000
     640.000000       73.095000
     660.000000       82.741000
     680.000000       92.388000
     700.000000      102.038000
     720.000000      100.862000
     740.000000      111.870000
     760.000000      112.799000
     780.000000      113.904000
     800.000000      115.007000
     820.000000      116.106000
     840.000000      119.996000
     860.000000      124.271000
     880.000000      125.000000
     900.000000      125.000000
     920.000000      125.000000
     940.000000      125.000000
     960.000000      125.000000
     980.000000      125.000000
    1000.000000      125.000000
    1020.000000      125.000000
    1040.000000      119.479000
    1060.000000      109.809000
    1080.000000      100.133000
    1100.000000       90.451000
    1120.000000       80.696000
    1140.000000       75.000000
    1160.000000       75.000000
    1180.000000       75.000000
    1200.000000       75.000000
    1220.000000       75.000000
    1240.000000       69.928000
    1260.000000       65.722000
    1280.000000       61.517000
    1300.000000       57.313000
    1320.000000       53.112000
    1340.000000       48.912000
    1360.000000       53.971000
    1370.307966       56.325000
