       0.000000      115.813000
      20.000000      113.972000
      40.000000      113.172000
      60.000000      112.372000
      80.000000      111.571000
     100.000000      108.438000
     120.000000      111.001000
     140.000000      118.306000
     160.000000      122.867000
     180.000000      128.867000
     200.000000      134.864000
     220.000000      140.857000
     240.000000      146.916000
     260.000000      153.063000
     280.000000      159.151000
     300.000000      165.111000
     320.000000      171.068000
     340.000000      177.020000
     360.000000      178.227000
     380.000000      177.606000
     400.000000      176.983000
     420.000000      176.357000
     440.000000      171.249000
     460.000000      161.424000
     480.000000      147.612000
     500.000000      133.832000
     520.000000      120.042000
     540.000000      106.195000
     560.000000       80.460000
     580.000000       77.506000
     600.000000       81.311000
     620.000000       86.284000
     640.000000       91.256000
     660.000000       96.227000
     680.000000      101.197000
     700.000000      105.622000
     720.000000      109.680000
     740.000000      113.476000
     760.000000      117.182000
     780.000000      120.886000
     800.000000      124.589000
     820.000000      125.000000
     840.000000      125.000000
     860.000000      125.000000
     880.000000      125.000000
     900.000000      125.000000
     920.000000      125.000000
     940.000000      125.000000
     960.000000      125.000000
     980.000000      125.000000
    1000.000000      125.000000
    1020.000000      125.000000
    1040.000000      125.000000
    1060.000000      125.000000
    1080.000000      125.000000
    1100.000000      125.000000
    1120.000000      125.000000
    1140.000000      125.000000
    1160.000000      122.108000
    1180.000000      121.415000
    1200.000000      116.984000
    1220.000000      112.549000
    1240.000000      108.111000
    1260.000000      103.670000
    1280.000000       99.241000
    1300.000000       94.784000
    1320.000000       90.351000
    1340.000000       85.914000
    1360.000000       81.475000
    1380.000000       77.033000
    1397.615148       75.000000
