       0.000000      151.145000
      20.000000      139.685000
      40.000000      141.787000
      60.000000      150.201000
      80.000000      158.605000
     100.000000      166.997000
     120.000000      175.694000
     140.000000      184.908000
     160.000000      165.017000
     180.000000      146.605000
     200.000000      124.229000
     220.000000       98.260000
     240.000000       72.294000
     260.000000       71.678000
     280.000000       97.373000
     300.000000      106.721000
     320.000000      114.801000
     340.000000      122.866000
     360.000000      130.917000
     380.000000      115.375000
     400.000000       98.005000
     420.000000       80.624000
     440.000000       63.230000
     460.000000       54.824000
     480.000000       55.471000
     500.000000       54.834000
     520.000000       54.198000
     540.000000       54.677000
     560.000000       55.204000
     580.000000       53.248000
     600.000000       66.780000
     620.000000       78.886000
     640.000000       88.660000
     660.000000       98.428000
     680.000000      108.190000
     700.000000      113.978000
     720.000000      107.268000
     740.000000      100.554000
     760.000000       93.836000
     780.000000       88.901000
     800.000000       88.532000
     820.000000       91.928000
     840.000000       97.198000
     860.000000      102.469000
     880.000000      107.807000
     900.000000      113.549000
     920.000000      118.525000
     940.000000      116.405000
     960.000000      117.152000
     980.000000      117.469000
    1000.000000      117.787000
    1020.000000      118.108000
    1040.000000      119.660000
    1060.000000      122.289000
    1080.000000      124.919000
    1100.000000      125.000000
    1120.000000      125.000000
    1140.000000      125.000000
    1160.000000      120.677000
    1180.000000      116.197000
    1200.000000      111.717000
    1220.000000      111.058000
    1240.000000      110.689000
    1260.000000      112.098000
    1280.000000      116.243000
    1300.000000      120.391000
    1320.000000      124.542000
    1340.000000      125.000000
    1360.000000      125.000000
    1380.000000      121.324000
    1399.500449      116.954000
