       0.000000      230.964000
      25.000000      242.800000
      50.000000      254.638000
      75.000000      262.613000
     100.000000      265.455000
     125.000000      267.740000
     150.000000      270.030000
     175.000000      272.325000
     200.000000      267.024000
     225.000000      258.141000
     250.000000      246.187000
     275.000000      234.230000
     300.000000      223.029000
     325.000000      210.628000
     350.000000      198.227000
     375.000000      185.826000
     400.000000      168.901000
     425.000000      145.066000
     450.000000      127.650000
     475.000000      110.225000
     500.000000      103.676000
     525.000000      110.976000
     550.000000      116.168000
     575.000000      113.884000
     600.000000      107.391000
     625.000000       95.493000
     650.000000       83.598000
     675.000000       77.454000
     700.000000       89.892000
     725.000000      114.164000
     750.000000      138.445000
     775.000000      162.736000
     800.000000      178.304000
     825.000000      181.863000
     850.000000      185.416000
     875.000000      188.962000
     900.000000      192.203000
     925.000000      180.495000
     950.000000      162.025000
     975.000000      143.562000
    1000.000000      136.797000
    1025.000000      142.998000
    1050.000000      162.143000
    1075.000000      181.308000
    1100.000000      174.952000
    1125.000000      140.400000
    1150.000000      105.825000
    1175.000000       78.467000
    1200.000000       65.063000
    1225.000000       66.740000
    1250.000000       68.413000
    1275.000000       70.082000
    1300.000000       84.906000
    1325.000000      121.633000
    1350.000000      158.396000
    1375.000000      195.195000
    1394.205568      218.307000
