       0.000000      241.105000
      25.000000      238.205000
      50.000000      234.691000
      75.000000      228.922000
     100.000000      223.146000
     125.000000      216.757000
     150.000000      208.141000
     175.000000      204.200000
     200.000000      204.274000
     225.000000      204.337000
     250.000000      204.387000
     275.000000      204.005000
     300.000000      197.833000
     325.000000      215.843000
     350.000000      220.169000
     375.000000      224.492000
     400.000000      228.241000
     425.000000      211.489000
     450.000000      217.331000
     475.000000      223.206000
     500.000000      229.116000
     525.000000      215.072000
     550.000000      174.751000
     575.000000      134.412000
     600.000000       94.052000
     625.000000       65.862000
     650.000000       77.918000
     675.000000       89.976000
     700.000000      102.038000
     725.000000      111.470000
     750.000000      112.245000
     775.000000      113.628000
     800.000000      115.007000
     825.000000      116.789000
     850.000000      122.134000
     875.000000      125.000000
     900.000000      125.000000
     925.000000      125.000000
     950.000000      125.000000
     975.000000      125.000000
    1000.000000      125.000000
    1025.000000      125.000000
    1050.000000      114.645000
    1075.000000      102.553000
    1100.000000       90.451000
    1125.000000       78.259000
    1150.000000       75.000000
    1175.000000       75.000000
    1200.000000       75.000000
    1225.000000       73.065000
    1250.000000       67.825000
    1275.000000       62.568000
    1300.000000       57.313000
    1325.000000       52.062000
    1350.000000       53.287000
    1370.307966       56.325000
