       0.000000      115.813000
      25.000000      113.772000
      50.000000      112.772000
      75.000000      111.772000
     100.000000      108.438000
     125.000000      112.828000
     150.000000      119.866000
     175.000000      127.368000
     200.000000      134.864000
     225.000000      142.355000
     250.000000      149.990000
     275.000000      157.671000
     300.000000      165.111000
     325.000000      172.556000
     350.000000      178.536000
     375.000000      177.762000
     400.000000      176.983000
     425.000000      178.611000
     450.000000      166.338000
     475.000000      151.056000
     500.000000      133.832000
     525.000000      116.593000
     550.000000       82.854000
     575.000000       77.179000
     600.000000       81.311000
     625.000000       87.527000
     650.000000       93.741000
     675.000000       99.954000
     700.000000      105.622000
     725.000000      110.695000
     750.000000      115.329000
     775.000000      119.960000
     800.000000      124.589000
     825.000000      125.000000
     850.000000      125.000000
     875.000000      125.000000
     900.000000      125.000000
     925.000000      125.000000
     950.000000      125.000000
     975.000000      125.000000
    1000.000000      125.000000
    1025.000000      125.000000
    1050.000000      125.000000
    1075.000000      125.000000
    1100.000000      125.000000
    1125.000000      125.000000
    1150.000000      125.000000
    1175.000000      122.523000
    1200.000000      116.984000
    1225.000000      111.440000
    1250.000000      105.891000
    1275.000000      100.348000
    1300.000000       94.784000
    1325.000000       89.242000
    1350.000000       83.695000
    1375.000000       78.143000
    1397.615148       75.000000
