       0.000000      151.145000
      25.000000      136.818000
      50.000000      145.996000
      75.000000      156.505000
     100.000000      166.997000
     125.000000      177.999000
     150.000000      174.220000
     175.000000      151.209000
     200.000000      124.229000
     225.000000       91.768000
     250.000000       58.829000
     275.000000       90.950000
     300.000000      106.721000
     325.000000      116.818000
     350.000000      126.894000
     375.000000      119.716000
     400.000000       98.005000
     425.000000       76.276000
     450.000000       54.132000
     475.000000       55.863000
     500.000000       54.834000
     525.000000       54.280000
     550.000000       54.941000
     575.000000       55.599000
     600.000000       66.780000
     625.000000       81.330000
     650.000000       93.545000
     675.000000      105.750000
     700.000000      113.978000
     725.000000      105.590000
     750.000000       97.196000
     775.000000       88.994000
     800.000000       88.532000
     825.000000       93.245000
     850.000000       99.834000
     875.000000      106.371000
     900.000000      113.549000
     925.000000      117.995000
     950.000000      116.995000
     975.000000      117.390000
    1000.000000      117.787000
    1025.000000      118.188000
    1050.000000      120.974000
    1075.000000      124.261000
    1100.000000      125.000000
    1125.000000      125.000000
    1150.000000      122.917000
    1175.000000      117.316000
    1200.000000      111.717000
    1225.000000      110.966000
    1250.000000      110.505000
    1275.000000      115.207000
    1300.000000      120.391000
    1325.000000      125.000000
    1350.000000      125.000000
    1375.000000      122.444000
    1399.500449      116.954000
