       0.000000      275.568000
      25.000000      283.058000
      50.000000      290.549000
      75.000000      289.965000
     100.000000      279.465000
     125.000000      268.963000
     150.000000      258.462000
     175.000000      249.060000
     200.000000      238.718000
     225.000000      228.361000
     250.000000      218.005000
     275.000000      207.897000
     300.000000      198.536000
     325.000000      176.548000
     350.000000      154.564000
     375.000000      134.412000
     400.000000      117.073000
     425.000000      106.289000
     450.000000      112.697000
     475.000000      118.043000
     500.000000      120.801000
     525.000000      123.555000
     550.000000      117.960000
     575.000000      107.660000
     600.000000      105.203000
     625.000000      102.755000
     650.000000      100.315000
     675.000000      111.133000
     700.000000      130.126000
     725.000000      141.987000
     750.000000      153.839000
     775.000000      164.584000
     800.000000      167.878000
     825.000000      171.925000
     850.000000      175.972000
     875.000000      170.929000
     900.000000      171.828000
     925.000000      172.808000
     950.000000      173.762000
     975.000000      174.690000
    1000.000000      178.550000
    1025.000000      144.862000
    1050.000000      111.156000
    1075.000000       77.433000
    1100.000000       65.435000
    1125.000000       62.724000
    1150.000000       65.072000
    1175.000000       67.422000
    1200.000000       88.180000
    1225.000000      119.773000
    1250.000000      152.593000
    1275.000000      187.772000
    1300.000000      214.147000
    1325.000000      222.680000
    1325.822733      222.961000
