       0.000000      169.760000
      25.000000      174.501000
      50.000000      178.886000
      75.000000      183.135000
     100.000000      185.766000
     125.000000      186.274000
     150.000000      178.103000
     175.000000      158.048000
     200.000000      135.089000
     225.000000      110.568000
     250.000000       86.046000
     275.000000      100.634000
     300.000000      111.009000
     325.000000      124.657000
     350.000000      150.967000
     375.000000      150.525000
     400.000000      121.706000
     425.000000      117.585000
     450.000000      113.463000
     475.000000      116.383000
     500.000000      125.000000
     525.000000      125.000000
     550.000000      125.000000
     575.000000      125.000000
     600.000000      125.000000
     625.000000      125.000000
     650.000000      125.000000
     675.000000      125.000000
     700.000000      125.000000
     725.000000      125.000000
     750.000000      123.990000
     775.000000      118.960000
     800.000000      117.437000
     825.000000      118.187000
     850.000000      118.937000
     875.000000      119.945000
     900.000000      117.281000
     925.000000      106.734000
     950.000000       96.187000
     975.000000       85.640000
    1000.000000       76.104000
    1025.000000       74.555000
    1050.000000       75.000000
    1075.000000       75.000000
    1100.000000       75.000000
    1125.000000       75.000000
    1150.000000       69.865000
    1175.000000       68.908000
    1200.000000       67.952000
    1225.000000       68.521000
    1250.000000       73.571000
    1275.000000       75.476000
    1300.000000       75.645000
    1325.000000       75.814000
    1350.000000       75.695000
    1375.000000       75.530000
    1400.000000       77.018000
    1425.000000       80.724000
    1435.529324       82.285000
