       0.000000      130.323000
      25.000000      152.705000
      50.000000      175.018000
      75.000000      197.098000
     100.000000      207.303000
     125.000000      181.707000
     150.000000      156.127000
     175.000000      131.069000
     200.000000      107.705000
     225.000000       84.360000
     250.000000       77.654000
     275.000000       73.611000
     300.000000       71.465000
     325.000000       73.911000
     350.000000       76.368000
     375.000000       82.599000
     400.000000       93.013000
     425.000000      100.334000
     450.000000      101.920000
     475.000000      103.497000
     500.000000      105.059000
     525.000000      106.557000
     550.000000      109.363000
     575.000000      114.064000
     600.000000      118.759000
     625.000000      123.450000
     650.000000      125.000000
     675.000000      125.000000
     700.000000      125.000000
     725.000000      125.000000
     750.000000      125.000000
     775.000000      125.000000
     800.000000      125.000000
     825.000000      125.000000
     850.000000      125.000000
     875.000000      125.000000
     900.000000      125.000000
     925.000000      121.284000
     950.000000      116.694000
     975.000000      112.097000
    1000.000000      107.505000
    1025.000000      102.919000
    1050.000000       99.485000
    1075.000000      101.250000
    1100.000000      103.030000
    1125.000000      104.825000
    1150.000000      104.958000
    1175.000000      100.347000
    1200.000000       95.746000
    1225.000000       91.151000
    1250.000000       86.553000
    1275.000000       81.940000
    1300.000000       77.334000
    1325.000000       75.000000
    1350.000000       75.000000
    1375.000000       75.000000
    1400.000000       75.000000
    1425.000000       75.000000
    1450.000000       75.004000
    1475.000000       75.628000
    1500.000000       76.251000
    1525.000000       76.872000
    1550.000000       78.853000
    1575.000000       82.323000
    1600.000000       91.571000
    1625.000000      106.245000
    1650.000000      112.527000
    1675.000000      110.701000
    1700.000000      108.833000
    1725.000000      106.921000
    1750.000000       98.606000
    1775.000000       96.459000
    1800.000000       94.312000
    1821.760738       92.444000
